    0.00000000     0.00000000
    0.06283185     0.06686234
    0.12566371     0.14211545
    0.18849556     0.22625014
    0.25132741     0.31974829
    0.31415927     0.42307757
    0.37699112     0.53668561
    0.43982297     0.66099355
    0.50265482     0.79638900
    0.56548668     0.94321820
    0.62831853     1.10177764
    0.69115038     1.27230491
    0.75398224     1.45496874
    0.81681409     1.64985847
    0.87964594     1.85697256
    0.94247780     2.07620652
    1.00530965     2.30733996
    1.06814150     2.55002291
    1.13097336     2.80376147
    1.19380521     3.06790264
    1.25663706     3.34161850
    1.31946891     3.62388980
    1.38230077     3.91348887
    1.44513262     4.20896203
    1.50796447     4.50861158
    1.57079633     4.81047738
    1.63362818     5.11231819
    1.69646003     5.41159287
    1.75929189     5.70544161
    1.82212374     5.99066728
    1.88495559     6.26371715
    1.94778745     6.52066514
    2.01061930     6.75719486
    2.07345115     6.96858362
    2.13628300     7.14968773
    2.19911486     7.29492939
    2.26194671     7.39828542
    2.32477856     7.45327834
    2.38761042     7.45296991
    2.45044227     7.38995783
    2.51327412     7.25637583
    2.57610598     7.04389766
    2.63893783     6.74374551
    2.70176968     6.34670335
    2.76460154     5.84313575
    2.82743339     5.22301271
    2.89026524     4.47594118
    2.95309709     3.59120382
    3.01592895     2.55780566
    3.07876080     1.36452942
    3.14159265    -0.00000000
    3.20442451    -1.54724097
    3.26725636    -3.28864998
    3.33008821    -5.23558502
    3.39292007    -7.39919695
    3.45575192    -9.79030797
    3.51858377   -12.41927663
    3.58141563   -15.29584868
    3.64424748   -18.42899304
    3.70707933   -21.82672240
    3.76991118   -25.49589782
    3.83274304   -29.44201679
    3.89557489   -33.66898448
    3.95840674   -38.17886768
    4.02123860   -42.97163124
    4.08407045   -48.04485694
    4.14690230   -53.39344471
    4.20973416   -59.00929642
    4.27256601   -64.88098250
    4.33539786   -70.99339201
    4.39822972   -77.32736669
    4.46106157   -83.85932010
    4.52389342   -90.56084306
    4.58672527   -97.39829664
    4.64955713  -104.33239480
    4.71238898  -111.31777849
    4.77522083  -118.30258387
    4.83805269  -125.22800734
    4.90088454  -132.02787073
    4.96371639  -138.62819023
    5.02654825  -144.94675322
    5.08938010  -150.89270772
    5.15221195  -156.36616933
    5.21504380  -161.25785167
    5.27787566  -165.44872623
    5.34070751  -168.80971868
    5.40353936  -171.20144893
    5.46637122  -172.47402307
    5.52920307  -172.46688581
    5.59203492  -171.00874278
    5.65486678  -167.91756282
    5.71769863  -163.00067073
    5.78053048  -156.05494199
    5.84336234  -146.86711139
    5.90619419  -135.21420830
    5.96902604  -120.86413170
    6.03185789  -103.57637913
    6.09468975   -83.10294372
    6.15752160   -59.18939461
    6.22035345   -31.57615586
    6.28318531    -0.00000000
